attention:59.043426513671875
browFurrow:0.030085118487477303
browRaise:5.706423759460449
cheekRaise:1.1336809396743774
chinRaise:0.7965638041496277
dimpler:30.01926040649414
eyeClosure:0.004181760363280773
eyeWiden:0.003990252036601305
innerBrowRaise:57.63474655151367
jawDrop:0.10095354914665222
lidTighten:0.05409613251686096
lipCornerDepressor:0.03470497205853462
lipPress:0.7106215953826904
lipPucker:0.09214432537555695
lipSuck:45.612178802490234
mouthOpen:5.945135116577148
noseWrinkle:0.0025601377710700035
smile:0.005275706760585308
smirk:0.37265506386756897
upperLipRaise:0.0013085673563182354
